 KNEW   NBM V5.0 NBH GUIDANCE    10/04/2026  2100 UTC
 UTC  22 23 00 01 02 03 04 05 06 07 08 09 10 11 12 13 14 15 16 17 18 19 20 21 22 
 TMP  80 79 78 78 78 79 78 78 77 77 77 77 77 77 77 77 76 76 77 77 78 79 79 79 81
 TSD   2  2  2  2  1  1  1  1  1  1  1  1  1  1  1  1  1  2  2  3  4  4  4  4  3
 DPT  76 76 75 75 75 75 75 75 75 74 74 74 74 74 74 75 75 74 75 75 75 74 74 74 74
 DSD   1  1  1  1  1  1  1  1  1  1  1  1  1  1  1  1  1  1  1  1  1  1  1  1  1
 WBG  78 77 77 77 77 77 76 75 75 75 75 75 75 75 75 75 76 75 76 77 78 79 78 77 77
 SKY  77 79 84 69 86 81 81 86 77 85 86 83 85 94 95 78 82 74 83 85 80 73 80 80 86
 SSD  19 19 20 18 14 14 16 12 24 14 13 17 15  9  6 15 19 25 19 16 14 26 22 14 15
 WDR   6  6  6  5  6  5  5  5  5  4  4  4  4  4  4  5  5  5  5  5  4  4  4  4  5
 WSP   7  6  7  7  7  8  8  9  9 10 11 11 13 13 14 14 14 13 13 12 12 12 12 12 11
 WSD   4  3  3  3  3  3  3  3  3  3  3  3  3  3  3  3  3  3  3  3  3  3  3  3  3
 GST   9  8  7  7  8  8  9  9 10 11 12 12 14 14 15 16 17 17 17 17 17 17 17 17 15
 GSD   5  4  4  4  4  4  4  4  4  4  4  4  4  4  4  4  4  4  4  4  5  5  5  5  5
 P01  43 40 30 28 22 21 19 18 22 24 24 29 32 31 29 28 22 18 17 14 14 16 22 21 16
 P06                          41                53                48            
 Q01  19  3  2  1  0  0  0  0  0  1  1  5 16  9  5  2  1  0  0  0  0  0  0  0  0
 T01  11  9  7  6  5  4  3  2  3  2  2  3  3  3  3  2  2  3  4  5  6  8  8  8  5
 PZR   0  0  0  0  0  0  0  0  0  0  0  0  0  0  0  0  0  0  0  0  0  0  0  0  0
 PSN   0  0  0  0  0  0  0  0  0  0  0  0  0  0  0  0  0  0  0  0  0  0  0  0  0
 PPL   0  0  0  0  0  0  0  0  0  0  0  0  0  0  0  0  0  0  0  0  0  0  0  0  0
 PRA  63 75 46 23 23 23 23 25 25 22 28 38 32 42 54 44 34 31 31 24 27 13 27 19 13
 S01   0  0  0  0  0  0  0  0  0  0  0  0  0  0  0  0  0  0  0  0  0  0  0  0  0
 SLV 155154154154154154154153153153153153153153152152152151151151151150149149148
 I01   0  0  0  0  0  0  0  0  0  0  0  0  0  0  0  0  0  0  0  0  0  0  0  0  0
 CIG  22 35 22 15 11  8  7  7  8  7  7  8  8  8  8  8  9  9 11 13 15 18 15 18130
 MVC  45 39 47 46 51 43 41 47 49 45 62 69 49 70 73 75 74 77 80 77 76 67 62 50 45
 IFC  21 18 22 27 33 36 41 43 40 41 40 37 39 40 38 39 38 38 30 20 11 11 14 13 12
 LIC   2  3  3  5  6  8 11 11 11 12  9  7  9  7  6  5  3  3  1  0  0  0  0  0  0
 LCB  22 35 22 15 11  8  7  7  8  7  7  8  8  8  8  8  9  9 11 13 15 18 15 18 70
 VIS  90 90 90 90 80 90100100100100100100100100100 80 60 60 70100100100 90 90100
 MVV  18 16 13 14 12 12 12 12  9  9  8  7  7  7  8 15 23 26 21 15 12 14 16 16 16
 IFV   7  4  2  2  0  2  1  1  0  0  0  0  0  0  0  0  6 11  8  5  5  5  7  7  7
 LIV   0  0  0  0  0  0  0  0  0  0  0  0  0  0  0  0  0  2  1  1  0  0  0  0  0
 MHT  12 11 11 12 13 13 10  8 13  7 13 13 13 13 13 13 13 15 18 18 19 20 20 19 18
 TWD   7  6  6  6  6  6  6  6  5  5  5  5  5  5  5  6  6  6  6  6  5  5  5  5  5
 TWS   7  6  7  7  7  8  8  9  9 10 11 11 13 13 14 14 14 13 13 12 12 12 12 12 11
 SOL  14  4  1  0  0  0  0  0  0  0  0  0  0  0  0  2  5 10 13 24 24 29 28 26 19
                                                                          
